66.0661933904
35.5302208053
47.0471231235
49.3316550092
44.5860797887
46.4682560399
46.4170350641
42.3652853391
37.2642925337
42.9964391029
45.1462949318
49.2721988448
48.0134568783
54.4084406008
57.8072576516
65.4211715171
71.2970432341
69.9314801184
70.1306584152
19.3536142350
25.0237915666
20.6024849931
18.8811591253
31.3303946755
21.9157337733
21.7707825901
24.5865378195
27.0466199894
25.2867646400
23.7307084365
33.7360894680
33.2477185157
31.9325124505
40.4029417167
30.3951469756
31.5951870557
39.5814548695
29.2347790781
63.1133915410
46.3905412282
54.2391902807
9.1837408897
33.2145180251
21.7798343088
27.8370099408
46.5010561903
48.1424735669
41.6692324996
40.8844923734
31.3124963256
54.7668088779
41.3442356815
17.6033142484
65.5615899533
26.6673610766
21.2291316513
34.9120706992
27.4517340811
33.0062822303
10.3365262908
23.3443554937
32.0349947543
35.5352020599
21.5919597784
25.2813593891
30.3003495318
30.1763267084
43.2045271184
23.5396563151
31.9358326101
2.7225637999
37.5455251733
42.8379788211
41.0822044655
13.0010327576
45.3725870065
40.0408514299
9.8610770447
23.0696578897
39.6295088641
11.1723936951
15.7980639455
61.6454843545
32.0298813523
50.2206521891
29.4850294407
42.9056350770
26.6321536011
14.9794496662
14.1556869079
32.5919140083
29.5643555085
37.1481868848
39.9188079884
29.9987331002
35.6519677012
48.8988113509
52.3801761461
33.0992769411
40.2565883229
33.4212226010
39.8206344896
44.0534485904
